
0.000
0.000 0.000
0.815 0.000 0.656
0.000 0.937 0.000 0.000
0.000 0.643 0.000 0.000 0.000
0.704 0.000 0.000 0.203 0.000 0.381
0.494 0.870 0.000 0.863 0.923 0.000 0.861
0.000 0.522 0.493 0.858 0.000 0.506 0.000 0.000
0.000 0.889 0.964 0.000 0.000 0.000 0.000 0.000 0.000
0.000 0.923 0.000 0.000 0.000 0.749 0.000 0.000 0.858 0.340
0.000 0.403 0.629 0.000 0.000 0.455 0.863 0.000 0.000 0.801 0.000
0.000 0.898 0.000 0.000 0.000 0.000 0.000 0.000 0.000 0.739 0.395 0.859
0.000 0.000 0.000 0.000 0.964 0.000 0.000 0.000 0.000 0.865 0.782 0.000 0.000
0.534 0.859 0.000 0.000 0.000 0.495 0.000 0.000 0.759 0.000 0.935 0.000 0.000 0.000
0.049 0.729 0.194 0.000 0.728 0.000 0.000 0.502 0.000 0.867 0.785 0.000 0.000 0.945 0.645
0.402 0.739 0.353 0.000 0.000 0.000 0.000 0.000 0.000 0.774 0.000 0.667 0.659 0.000 0.662 0.000
0.000 0.990 0.000 0.000 0.987 0.000 0.000 1.000 0.000 0.000 0.755 0.000 0.000 0.000 0.000 0.940 0.000
0.000 0.000 0.939 1.000 0.988 0.000 0.000 0.000 0.811 0.000 0.000 0.000 0.000 0.374 0.000 0.884 0.000 0.000
0.655 0.000 0.000 0.947 0.000 0.000 0.882 0.867 0.000 0.033 0.516 0.000 0.669 0.863 0.000 0.000 0.000 0.000 0.000

Ala Arg Asn Asp Cys Gln Glu Gly His Ile Leu Lys Met Phe Pro Ser Thr Trp Tyr Val

Dmax: 1 Asp-Tyr
Dmin: 0 Thr-Ser

Tang H, Wyckoff GJ, Lu J, Wu CI. 2004. A universal evolutionary index for amino acid changes. Mol Biol Evol 21:1548-1556.

Ui = {max(Ui)- Ui}/{max(Ui)-min(Ui)}
